0.3855738639831543
0.39374351501464844
0.4151191711425781
0.4113023281097412
0.41647982597351074
0.39085960388183594
0.4068737030029297
0.3969457149505615
0.4416384696960449
0.38859987258911133
0.39437150955200195
0.39025235176086426
0.398012638092041
0.40025758743286133
0.3980069160461426
0.4051837921142578
0.3948380947113037
0.3979787826538086
0.39730334281921387
0.3914909362792969
0.39858484268188477
0.40357351303100586
0.3958015441894531
0.3963024616241455
0.39926767349243164
0.40582728385925293
0.3980379104614258
0.391359806060791
0.40593504905700684
0.39582347869873047
0.39815235137939453
0.3874673843383789
0.39703941345214844
0.39484286308288574
0.394439697265625
0.41253209114074707
0.3949775695800781
0.4044458866119385
0.3984076976776123
0.3997325897216797
0.39806342124938965
0.39299869537353516
0.40706586837768555
0.39550256729125977
0.39116477966308594
0.3995342254638672
0.3941471576690674
0.41258883476257324
0.3914816379547119
0.403012752532959
0.661186695098877
0.6763746738433838
0.6682212352752686
0.6740725040435791
0.6724951267242432
0.6730661392211914
0.6720635890960693
0.6840989589691162
0.6775212287902832
0.8774025440216064
0.6752488613128662
0.6762466430664062
0.6846215724945068
0.6742098331451416
0.6764523983001709
0.6510701179504395
0.6758148670196533
0.6696560382843018
0.6661171913146973
0.6763207912445068
0.6806950569152832
0.6783740520477295
0.6689980030059814
0.6665308475494385
0.6779005527496338
0.6830198764801025
0.6758224964141846
0.67588210105896
0.6786797046661377
0.6803097724914551
0.6781525611877441
0.6751000881195068
0.6650919914245605
0.6720981597900391
0.6758279800415039
0.6708135604858398
0.6772165298461914
0.6839706897735596
0.6658139228820801
0.6690075397491455
0.6732156276702881
0.8041269779205322
0.6713771820068359
0.6896865367889404
0.6674008369445801
0.6788051128387451
0.6739602088928223
0.6630997657775879
0.6684696674346924
0.6727967262268066
0.3905975818634033
0.393596887588501
0.39780378341674805
0.40346813201904297
0.3937034606933594
0.39658188819885254
0.40416884422302246
0.39630627632141113
0.3944666385650635
0.40705227851867676
0.3967897891998291
0.40253353118896484
0.4070298671722412
0.3967933654785156
0.40391969680786133
0.3989748954772949
0.39732933044433594
0.40142035484313965
0.40196704864501953
0.4029531478881836
0.40505027770996094
0.40348362922668457
0.3956034183502197
0.3994784355163574
0.3939168453216553
0.39354419708251953
0.40421438217163086
0.38832855224609375
0.3973100185394287
0.3994872570037842
0.389817476272583
0.4029560089111328
0.41115856170654297
0.3964364528656006
0.3969271183013916
0.4007859230041504
0.40126681327819824
0.3965620994567871
0.4071362018585205
0.40169453620910645
0.4049820899963379
0.40102362632751465
0.3943753242492676
0.39290738105773926
0.4008176326751709
0.3996312618255615
0.3956575393676758
0.394533634185791
0.4022965431213379
0.3903365135192871
0.3995530605316162
0.3999810218811035
0.39962291717529297
0.3997306823730469
0.39566946029663086
0.39748716354370117
0.39261889457702637
0.3991978168487549
0.3954479694366455
0.393146276473999
0.40500831604003906
0.3964717388153076
0.3984689712524414
0.4066781997680664
0.4014115333557129
0.39358043670654297
0.40987658500671387
0.39664483070373535
0.40921950340270996
0.3899703025817871
0.4019052982330322
0.39890551567077637
0.40917515754699707
0.4007420539855957
0.4081730842590332
0.39664268493652344
0.40406155586242676
0.4055640697479248
0.3950047492980957
0.3993816375732422
0.402238130569458
0.4044530391693115
0.4018280506134033
0.40166401863098145
0.40360522270202637
0.40880322456359863
0.39975690841674805
0.4013946056365967
0.4097867012023926
0.39748477935791016
0.40090465545654297
0.4088754653930664
0.4028756618499756
0.4058101177215576
0.42217350006103516
0.40829944610595703
0.405031681060791
0.4036417007446289
0.4071674346923828
0.40669751167297363
0.40511345863342285
0.41191840171813965
0.40970325469970703
0.4102451801300049
0.41524457931518555
0.40772151947021484
0.409482479095459
0.41020750999450684
0.41313862800598145
0.40531134605407715
0.405367374420166
0.41291284561157227
0.4133288860321045
0.4180748462677002
0.3958888053894043
0.4167208671569824
0.40655064582824707
0.40404796600341797
0.4058690071105957
0.407637357711792
0.4048647880554199
0.41526150703430176
0.3957352638244629
0.4202265739440918
0.3998093605041504
0.40860891342163086
0.400005578994751
0.4100925922393799
0.4059014320373535
0.4075198173522949
0.4046807289123535
0.41642069816589355
0.39989399909973145
0.41454482078552246
0.40654897689819336
0.4085502624511719
0.40854907035827637
0.40569257736206055
0.3979060649871826
0.39785242080688477
0.40892839431762695
0.41057515144348145
0.40033721923828125
0.4014699459075928
0.3976731300354004
0.40149474143981934
0.409268856048584
0.41266703605651855
0.4063148498535156
0.40984106063842773
0.3951098918914795
0.3948678970336914
0.3927600383758545
0.3956294059753418
0.3990330696105957
0.40425777435302734
0.391538143157959
0.3899867534637451
0.4025864601135254
0.39116573333740234
0.4055936336517334
0.3916499614715576
0.4011721611022949
0.40383315086364746
0.4023761749267578
0.3956480026245117
0.39348530769348145
0.3998873233795166
0.3965566158294678
0.40145444869995117
0.40356898307800293
0.40487098693847656
0.387253999710083
0.4017918109893799
0.3917968273162842
0.40262269973754883
0.38979506492614746
0.3918116092681885
0.391127347946167
0.4023714065551758
0.40387892723083496
0.396010160446167
0.39513134956359863
0.39708590507507324
0.3958926200866699
0.4052104949951172
0.3923797607421875
0.38792991638183594
0.39058923721313477
0.3949015140533447
0.3988053798675537
0.409198522567749
0.3918156623840332
0.4038686752319336
0.3991541862487793
0.39569735527038574
0.3976917266845703
0.3996925354003906
0.40604400634765625
0.39594483375549316
0.44045591354370117
0.43021392822265625
0.4269750118255615
0.4309229850769043
0.4363734722137451
0.42406487464904785
0.4450705051422119
0.4237685203552246
0.427746057510376
0.42809367179870605
0.42646002769470215
0.42323899269104004
0.4335193634033203
0.4275016784667969
0.43411707878112793
0.43289637565612793
0.435774564743042
0.4253065586090088
0.4196758270263672
0.42835426330566406
0.4232769012451172
0.4246785640716553
0.4218618869781494
0.4237818717956543
0.42593860626220703
0.42649388313293457
0.42848825454711914
0.42533373832702637
0.444080114364624
0.43685388565063477
0.4346272945404053
0.4532136917114258
0.4318661689758301
0.42576146125793457
0.43739819526672363
0.43599891662597656
0.43033361434936523
0.42670488357543945
0.43418216705322266
0.43442535400390625
0.4329078197479248
0.4355926513671875
0.4259023666381836
0.43297743797302246
0.43486714363098145
0.4320352077484131
0.427720308303833
0.4254302978515625
0.42386817932128906
0.42797160148620605
0.41107916831970215
0.4120218753814697
0.4280567169189453
0.4267916679382324
0.4150857925415039
0.4238114356994629
0.4114227294921875
0.42525720596313477
0.4223496913909912
0.4199533462524414
0.41097283363342285
0.41469550132751465
0.41606664657592773
0.41852498054504395
0.4156613349914551
0.42255640029907227
0.41738080978393555
0.42023730278015137
0.4253396987915039
0.43225860595703125
0.41977548599243164
0.42034006118774414
0.4181818962097168
0.423769474029541
0.41780924797058105
0.41800570487976074
0.41142868995666504
0.42581677436828613
0.4097633361816406
0.4240875244140625
0.41509103775024414
0.4157571792602539
0.41585302352905273
0.42328619956970215
0.4259793758392334
0.423931360244751
0.4119861125946045
0.4215216636657715
0.4229257106781006
0.42687511444091797
0.4263648986816406
0.4956634044647217
0.42732787132263184
0.41181516647338867
0.4115610122680664
0.4188227653503418
0.4127624034881592
0.41571617126464844
0.4226076602935791
0.41762423515319824
0.39766454696655273
0.4092733860015869
0.41371655464172363
0.39191484451293945
0.4036245346069336
0.4158639907836914
0.3956582546234131
0.4146230220794678
0.41035914421081543
0.39911699295043945
0.40007519721984863
0.4036891460418701
0.3946521282196045
0.4002509117126465
0.397749662399292
0.41286516189575195
0.4074516296386719
0.42952442169189453
0.4156062602996826
0.41230201721191406
0.43525028228759766
0.4151115417480469
0.39818477630615234
0.4184544086456299
0.40082335472106934
0.3994941711425781
0.4047977924346924
0.4228043556213379
0.4109916687011719
0.39499711990356445
0.40375328063964844
0.40554213523864746
0.39564037322998047
0.4014599323272705
0.3961348533630371
0.3967726230621338
0.41368770599365234
0.4035027027130127
0.4185802936553955
0.4062678813934326
0.40552759170532227
0.39778995513916016
0.3998987674713135
0.40587949752807617
0.40134763717651367
0.4003775119781494
0.3949592113494873
0.39887356758117676
0.39980030059814453
0.3977940082550049
12.092319965362549
12.076539516448975
12.037143230438232
12.097123622894287
12.3161301612854
12.201805353164673
12.018608093261719
11.994883060455322
12.006836891174316
11.97723126411438
11.983579397201538
12.049736261367798
11.963967323303223
12.442458629608154
12.043529033660889
12.088052749633789
12.032698392868042
11.946007490158081
12.084016561508179
12.00914716720581
12.021743535995483
12.061772108078003
12.054178237915039
11.986666679382324
12.016216278076172
12.121302604675293
12.192968606948853
12.10024094581604
12.06467580795288
12.066340208053589
12.110079288482666
12.098048448562622
12.103849411010742
12.109560012817383
12.059303998947144
12.096678256988525
12.068370580673218
12.022021055221558
12.064280033111572
12.037868976593018
12.010236501693726
11.997828245162964
11.993780851364136
11.972720623016357
11.967151880264282
11.982748985290527
12.038667678833008
12.093290090560913
12.036577463150024
11.994180679321289
