0.40203046798706055
0.40076470375061035
0.4012012481689453
0.40010571479797363
0.4108469486236572
0.3954448699951172
0.40932679176330566
0.39347147941589355
0.4026339054107666
0.3950355052947998
0.4019792079925537
0.3956484794616699
0.39853477478027344
0.39624619483947754
0.3981204032897949
0.39871978759765625
0.4034254550933838
0.39595961570739746
0.40157222747802734
0.40136289596557617
0.39901232719421387
0.4051394462585449
0.3977515697479248
0.400040864944458
0.4078352451324463
0.39881134033203125
0.3962411880493164
0.39214229583740234
0.3932969570159912
0.40241432189941406
0.40349888801574707
0.396134614944458
0.39779043197631836
0.39629316329956055
0.39908742904663086
0.39772582054138184
0.39994001388549805
0.3914930820465088
0.4072117805480957
0.4058842658996582
0.3958017826080322
0.39503002166748047
0.39980506896972656
0.4032328128814697
0.3956940174102783
0.39110374450683594
0.40076637268066406
0.3975529670715332
0.4001271724700928
0.40203261375427246
0.6879274845123291
0.6869368553161621
0.6765596866607666
0.6514978408813477
0.6747124195098877
0.6833631992340088
0.6756458282470703
0.6691114902496338
0.663555383682251
0.6675851345062256
0.6596968173980713
0.6700587272644043
0.6608731746673584
0.6784448623657227
0.6807758808135986
0.6723589897155762
0.6722531318664551
0.6831614971160889
0.6546378135681152
0.6696646213531494
0.6718881130218506
0.6775126457214355
0.6817405223846436
0.6771368980407715
0.6730790138244629
0.6761951446533203
0.6796278953552246
0.6792008876800537
0.6703512668609619
0.6761672496795654
0.6770048141479492
0.7049603462219238
0.6743674278259277
0.6826112270355225
0.6692075729370117
0.6776142120361328
0.6773383617401123
0.6714203357696533
0.6800694465637207
0.6816534996032715
0.6650786399841309
0.6683897972106934
0.6813559532165527
0.6733498573303223
0.6807601451873779
0.6626772880554199
0.6802749633789062
0.671269416809082
0.6813883781433105
0.6625521183013916
0.409618616104126
0.4028768539428711
0.40024280548095703
0.40047407150268555
0.40654873847961426
0.39226222038269043
0.4076042175292969
0.3942751884460449
0.5436978340148926
0.40021538734436035
0.39135003089904785
0.3954904079437256
0.3910098075866699
0.391704797744751
0.39677977561950684
0.4059023857116699
0.40923380851745605
0.39658164978027344
0.41210246086120605
0.3924400806427002
0.42183899879455566
0.39723873138427734
0.39799928665161133
0.39905691146850586
0.40068936347961426
0.3925356864929199
0.4048898220062256
0.403562068939209
0.39138317108154297
0.41611814498901367
0.39838290214538574
0.4011402130126953
0.400036096572876
0.40456581115722656
0.395005464553833
0.3982052803039551
0.3920450210571289
0.3936035633087158
0.3997926712036133
0.4018871784210205
0.4066426753997803
0.39487743377685547
0.3976740837097168
0.3976011276245117
0.4024662971496582
0.3956003189086914
0.4115180969238281
0.4003114700317383
0.39831089973449707
0.3983027935028076
0.40761899948120117
0.39679455757141113
0.4041416645050049
0.3999512195587158
0.40383481979370117
0.3932945728302002
0.4034302234649658
0.4139561653137207
0.401031494140625
0.39199066162109375
0.3935084342956543
0.39568042755126953
0.3996891975402832
0.39400315284729004
0.4025423526763916
0.39719057083129883
0.39725184440612793
0.40798306465148926
0.40140414237976074
0.3969714641571045
0.3944065570831299
0.40868663787841797
0.3986194133758545
0.39797544479370117
0.4150114059448242
0.3970162868499756
0.4055519104003906
0.3931305408477783
0.398024320602417
0.3974623680114746
0.40412402153015137
0.3967421054840088
0.40381312370300293
0.3939549922943115
0.4051640033721924
0.3975226879119873
0.39960384368896484
0.3941833972930908
0.39685916900634766
0.4020819664001465
0.4159116744995117
0.3994765281677246
0.3967602252960205
0.3941214084625244
0.39592814445495605
0.39603710174560547
0.39731597900390625
0.39560747146606445
0.3969547748565674
0.4064011573791504
0.4069695472717285
0.4025595188140869
0.40244174003601074
0.40175700187683105
0.4068639278411865
0.39952993392944336
0.4055774211883545
0.4047391414642334
0.4163088798522949
0.4104893207550049
0.4107491970062256
0.40728211402893066
0.4088568687438965
0.40872931480407715
0.4004051685333252
0.40862488746643066
0.40169668197631836
0.41417980194091797
0.4058408737182617
0.4156529903411865
0.4089653491973877
0.4094855785369873
0.4127011299133301
0.4060401916503906
0.40297842025756836
0.411609411239624
0.41144871711730957
0.4042394161224365
0.4129011631011963
0.4134554862976074
0.4045107364654541
0.5807144641876221
0.4031364917755127
0.41054439544677734
0.41121697425842285
0.4081144332885742
0.40514636039733887
0.4124486446380615
0.4153885841369629
0.41008925437927246
0.41047191619873047
0.421173095703125
0.41138792037963867
0.41336536407470703
0.41668009757995605
0.40885496139526367
0.40665769577026367
0.41295790672302246
0.406125545501709
0.40457701683044434
0.39822864532470703
0.4080471992492676
0.4100039005279541
0.4120948314666748
0.4031245708465576
0.39682888984680176
0.39089536666870117
0.3938252925872803
0.39176368713378906
0.4123508930206299
0.39436817169189453
0.3958394527435303
0.40747547149658203
0.40676116943359375
0.4037315845489502
0.39173126220703125
0.39525747299194336
0.393388032913208
0.3978278636932373
0.3897135257720947
0.4106628894805908
0.38800787925720215
0.411210298538208
0.39114952087402344
0.39646434783935547
0.3915092945098877
0.40631866455078125
0.3940541744232178
0.39054226875305176
0.38925600051879883
0.3933107852935791
0.38777828216552734
0.4013962745666504
0.39368391036987305
0.3954637050628662
0.3928976058959961
0.39301443099975586
0.3968472480773926
0.39675354957580566
0.40463876724243164
0.38962721824645996
0.3900480270385742
0.5722949504852295
0.3984873294830322
0.3961911201477051
0.3938448429107666
0.399090051651001
0.3922140598297119
0.39290642738342285
0.39197850227355957
0.4283144474029541
0.4335134029388428
0.4257228374481201
0.42526721954345703
0.4438962936401367
0.4423518180847168
0.4330284595489502
0.42789244651794434
0.4312021732330322
0.43137121200561523
0.42742371559143066
0.4353973865509033
0.4265773296356201
0.42931365966796875
0.43344926834106445
0.4369089603424072
0.42450475692749023
0.42514657974243164
0.4297313690185547
0.4311559200286865
0.42699408531188965
0.4287230968475342
0.4254589080810547
0.4258735179901123
0.41097378730773926
0.4301915168762207
0.4295623302459717
0.43980908393859863
0.44456052780151367
0.42612242698669434
0.428133487701416
0.44559431076049805
0.425220251083374
0.42824411392211914
0.43001818656921387
0.44319701194763184
0.4234335422515869
0.4365098476409912
0.42972588539123535
0.4329245090484619
0.43883657455444336
0.42865514755249023
0.44326138496398926
0.43271660804748535
0.4210550785064697
0.42793846130371094
0.42775964736938477
0.4320979118347168
0.42823076248168945
0.434323787689209
0.42705225944519043
0.4099242687225342
0.4364440441131592
0.4111647605895996
0.408740758895874
0.43013954162597656
0.41537904739379883
0.43027710914611816
0.425701379776001
0.42313718795776367
0.4189934730529785
0.4164707660675049
0.40987443923950195
0.41020631790161133
0.4093477725982666
0.39971923828125
0.404644250869751
0.4067237377166748
0.4251072406768799
0.41009974479675293
0.39837098121643066
0.41118359565734863
0.42688584327697754
0.40961480140686035
0.4059016704559326
0.404430627822876
0.41921329498291016
0.404583215713501
0.42258763313293457
0.4078390598297119
0.4128105640411377
0.4087638854980469
0.4060847759246826
0.4082448482513428
0.4049413204193115
0.41037464141845703
0.4110524654388428
0.39766860008239746
0.4086449146270752
0.4029672145843506
0.40354442596435547
0.4129984378814697
0.40207910537719727
0.4042375087738037
0.40563154220581055
0.40370726585388184
0.40153026580810547
0.4095640182495117
0.40741944313049316
0.41299867630004883
0.40561366081237793
0.3997979164123535
0.39899253845214844
0.39989781379699707
0.40520596504211426
0.39630937576293945
0.39521098136901855
0.3964824676513672
0.39949655532836914
0.40115785598754883
0.4018526077270508
0.4010763168334961
0.3965275287628174
0.4119288921356201
0.40031933784484863
0.5219714641571045
0.3988966941833496
0.41416263580322266
0.403209924697876
0.39459228515625
0.40206456184387207
0.40355873107910156
0.4031095504760742
0.3983275890350342
0.39597487449645996
0.40718626976013184
0.408963680267334
0.3947920799255371
0.3972289562225342
0.40634989738464355
0.39690065383911133
0.4062941074371338
0.3999192714691162
0.40306782722473145
0.40125060081481934
0.40667200088500977
0.41058969497680664
0.41180920600891113
0.39896106719970703
0.3993709087371826
0.3995847702026367
0.391157865524292
0.40660667419433594
0.40517139434814453
0.39812445640563965
0.4036233425140381
0.4131021499633789
0.40199780464172363
0.39812159538269043
0.39897823333740234
22.385683059692383
22.40529227256775
22.401245594024658
22.3986496925354
22.466704845428467
22.400556325912476
22.42019295692444
22.109584093093872
22.159626007080078
22.15511155128479
22.463314294815063
22.021769285202026
22.401861667633057
22.435594081878662
22.07261371612549
22.093131065368652
22.268775701522827
22.0445613861084
22.305824518203735
22.40699553489685
22.093618869781494
22.462631702423096
22.11081051826477
22.133253574371338
22.096872568130493
22.14911723136902
22.202348470687866
22.127549409866333
22.421382188796997
22.07182025909424
22.325842142105103
22.364254236221313
22.390332221984863
22.059274435043335
22.11256718635559
22.321573972702026
22.4158456325531
22.08976650238037
22.302721977233887
22.10439109802246
22.222742795944214
22.156100511550903
22.469533920288086
22.130511045455933
22.15046787261963
22.080857276916504
22.389461517333984
22.42565131187439
22.38284420967102
22.221627712249756
